-- Generated using Instance to Lua v1.3
-- Made by nullspecter.
-- https://discord.gg/U2nvFRa8zQ
-- Instance: Folder | workspace.PANGGUNG
-- Converted on: Fri, Jun 05, 2026 05:05:53 PM
-- Conversion completed in 17.721 seconds
-- Instances: 136
-- Game : [🎶] Cidro Janji (Jawa Party) | https://www.roblox.com/games/73374675546497/-Cidro-Janji-Jawa-Party
-- converter.ignoreUnmodified : true
-- converter.addComment : true | converter.Stream : false
-- Mode: Reusable | Total scope(s): 1 | 'local' variable(s): scope 1 - 136; 
-- Please do your own modification.



local cloneref = cloneref or clone_reference or clone_ref or (cache and (cache.clone_reference or cache.clonereference or cache.cloneref));
local Service = function(key)
    return (cloneref or function(a) return a end)(game:GetService(key))
end;
local Null_Unified = setmetatable({}, {__mode = 'v'});


-- workspace.PANGGUNG
do
-- scope 1
local Void_0 = Instance.new("Folder")
Void_0.Name = "PANGGUNG"
Void_0.Parent = workspace

-- workspace.PANGGUNG["DESAIN TEXT PANGGUNG"]
local Void_1 = Instance.new("Model")
Void_1.Parent = Void_0
Void_1.Name = "DESAIN TEXT PANGGUNG"
Void_1.WorldPivot = CFrame.new(-0.0001926, 63.84402, 31.25025, -1, 0, 0, 0, 1, 0, 0, 0, -1)
Void_1:AddTag("NoCollide")

-- workspace.PANGGUNG["DESAIN TEXT PANGGUNG"]["Curve.001"]
local Void_2 = Instance.new("MeshPart")
Void_2.Parent = Void_1
Void_2.Name = "Curve.001"
Void_2.CanCollide = false
Void_2.Color = Color3.new(1, 0.690196, 0)
Void_2.MeshId = "rbxassetid://122623861206390"
Void_2.PivotOffset = CFrame.new(-0.4557522, -0.773675, 0.4932671, 1, 0, 0, 0, 1, 0, 0, 0, 1)
Void_2.Anchored = true
Void_2.Material = Enum.Material.Metal
Void_2.CFrame = CFrame.new(-0.0002437, 64.95978, 31.68751, -1, 0, 0, 0, 1, 0, 0, 0, -1)
Void_2.Size = vector.create(66.90604, 20.714947, 0.9865343)

-- workspace.PANGGUNG["DESAIN TEXT PANGGUNG"]["Curve.002"]
local Void_3 = Instance.new("MeshPart")
Void_3.Parent = Void_1
Void_3.Name = "Curve.002"
Void_3.CanCollide = false
Void_3.Color = Color3.new(0.9490196, 0.9529412, 0.9529412)
Void_3.MeshId = "rbxassetid://87734886424493"
Void_3.PivotOffset = CFrame.new(-0.558716, -0.3702032, 0.433531, 1, 0, 0, 0, 1, 0, 0, 0, 1)
Void_3.Anchored = true
Void_3.Material = Enum.Material.Metal
Void_3.CFrame = CFrame.new(-0.3075688, 59.51855, 31.77341, -1, 0, 0, 0, 1, 0, 0, 0, -1)
Void_3.Size = vector.create(31.99246, 14.29794, 0.867066)

-- workspace.PANGGUNG["DESAIN TEXT PANGGUNG"].Curve
local Void_4 = Instance.new("MeshPart")
Void_4.Parent = Void_1
Void_4.Name = "Curve"
Void_4.CanCollide = false
Void_4.Color = Color3.new(0.4588235, 0, 0)
Void_4.MeshId = "rbxassetid://95324575843754"
Void_4.PivotOffset = CFrame.new(0.1520745, -3.269118, 0.6846952, 1, 0, 0, 0, 1, 0, 0, 0, 1)
Void_4.Anchored = true
Void_4.Material = Enum.Material.Metal
Void_4.CFrame = CFrame.new(-0.0001926, 63.84402, 30.978264, -1, 0, 0, 0, 1, 0, 0, 0, -1)
Void_4.Size = vector.create(70.06522, 26.10808, 1.369391)

-- workspace.PANGGUNG["TIANG PANGUNGGGGG"]
local Void_5 = Instance.new("Model")
Void_5.Parent = Void_0
Void_5.Name = "TIANG PANGUNGGGGG"
Void_5.WorldPivot = CFrame.new(0.0138073, 27.748787, 11.920364, -1, 0, 0, 0, 1, 0, 0, 0, -1)
Void_5:AddTag("NoCollide")

-- workspace.PANGGUNG["TIANG PANGUNGGGGG"]["TIANG SOUND"]
local Void_6 = Instance.new("MeshPart")
Void_6.Parent = Void_5
Void_6.Name = "TIANG SOUND"
Void_6.MeshId = "rbxassetid://130094195608573"
Void_6.Anchored = true
Void_6.PivotOffset = CFrame.new(-77.657, -81.34885, 41.44815, 1, 0, 0, 0, 1, 0, 0, 0, 1)
Void_6.Locked = true
Void_6.Material = Enum.Material.Metal
Void_6.CFrame = CFrame.new(-77.65689, 25.348785, 41.44838, -1, 0, 0, 0, 1, 0, 0, 0, -1)
Void_6.Size = vector.create(22.521797, 52.3903, 1.8599014)

-- workspace.PANGGUNG["TIANG PANGUNGGGGG"]["TIANG SOUND"]
local Void_7 = Instance.new("MeshPart")
Void_7.Parent = Void_5
Void_7.Name = "TIANG SOUND"
Void_7.MeshId = "rbxassetid://116404178131255"
Void_7.Anchored = true
Void_7.PivotOffset = CFrame.new(77.65645, -81.34885, 41.44815, 1, 0, 0, 0, 1, 0, 0, 0, 1)
Void_7.Locked = true
Void_7.Material = Enum.Material.Metal
Void_7.CFrame = CFrame.new(77.65656, 25.348785, 41.448364, -1, 0, 0, 0, 1, 0, 0, 0, -1)
Void_7.Size = vector.create(22.5217, 52.3903, 1.8599014)

-- workspace.PANGGUNG["TIANG PANGUNGGGGG"].TiangPanggung14
local Void_8 = Instance.new("MeshPart")
Void_8.Parent = Void_5
Void_8.Name = "TiangPanggung14"
Void_8.MeshId = "rbxassetid://135482030802486"
Void_8.Anchored = true
Void_8.PivotOffset = CFrame.new(0.0141983, -108.076, 28.13255, 1, 0, 0, 0, 1, 0, 0, 0, 1)
Void_8.Locked = true
Void_8.Material = Enum.Material.Metal
Void_8.CFrame = CFrame.new(0.0138087, 52.07609, 28.13251, -1, 0, 0, 0, 1, 0, 0, 0, -1)
Void_8.Size = vector.create(135.506, 1.9260025, 1.8565006)

-- workspace.PANGGUNG["TIANG PANGUNGGGGG"].TiangPanggung15
local Void_9 = Instance.new("MeshPart")
Void_9.Parent = Void_5
Void_9.Name = "TiangPanggung15"
Void_9.MeshId = "rbxassetid://71869964773469"
Void_9.Anchored = true
Void_9.PivotOffset = CFrame.new(-66.77225, -83.74875, 28.13255, 1, 0, 0, 0, 1, 0, 0, 0, 1)
Void_9.Locked = true
Void_9.Material = Enum.Material.Metal
Void_9.CFrame = CFrame.new(-66.77264, 27.74885, 28.132515, -1, 0, 0, 0, 1, 0, 0, 0, -1)
Void_9.Size = vector.create(1.9263, 50.7745, 1.8565006)

-- workspace.PANGGUNG["TIANG PANGUNGGGGG"].TiangPanggung8
local Void_a = Instance.new("MeshPart")
Void_a.Parent = Void_5
Void_a.Name = "TiangPanggung8"
Void_a.MeshId = "rbxassetid://100639953834218"
Void_a.Anchored = true
Void_a.PivotOffset = CFrame.new(-17.98305, -108.0615, 11.11451, 1, 0, 0, 0, 1, 0, 0, 0, 1)
Void_a.Locked = true
Void_a.Material = Enum.Material.Metal
Void_a.CFrame = CFrame.new(-17.98344, 52.06159, 11.114471, -1, 0, 0, 0, 1, 0, 0, 0, -1)
Void_a.Size = vector.create(1.9265003, 1.8829956, 32.66918)

-- workspace.PANGGUNG["TIANG PANGUNGGGGG"].TiangPanggung6
local Void_b = Instance.new("MeshPart")
Void_b.Parent = Void_5
Void_b.Name = "TiangPanggung6"
Void_b.MeshId = "rbxassetid://120729198828921"
Void_b.Anchored = true
Void_b.PivotOffset = CFrame.new(-31.98305, -108.0615, 11.114515, 1, 0, 0, 0, 1, 0, 0, 0, 1)
Void_b.Locked = true
Void_b.Material = Enum.Material.Metal
Void_b.CFrame = CFrame.new(-31.98344, 52.06159, 11.114471, -1, 0, 0, 0, 1, 0, 0, 0, -1)
Void_b.Size = vector.create(1.9265003, 1.8829956, 32.66917)

-- workspace.PANGGUNG["TIANG PANGUNGGGGG"].TiangPanggung13
local Void_c = Instance.new("MeshPart")
Void_c.Parent = Void_5
Void_c.Name = "TiangPanggung13"
Void_c.MeshId = "rbxassetid://106464873980901"
Void_c.Anchored = true
Void_c.PivotOffset = CFrame.new(-43.791, -83.7487, 28.1326, 1, 0, 0, 0, 1, 0, 0, 0, 1)
Void_c.Locked = true
Void_c.Material = Enum.Material.Metal
Void_c.CFrame = CFrame.new(-43.79139, 27.748787, 28.13256, -1, 0, 0, 0, 1, 0, 0, 0, -1)
Void_c.Size = vector.create(1.9263992, 50.7746, 1.8565998)

-- workspace.PANGGUNG["TIANG PANGUNGGGGG"].TiangPanggung2
local Void_d = Instance.new("MeshPart")
Void_d.Parent = Void_5
Void_d.Name = "TiangPanggung2"
Void_d.MeshId = "rbxassetid://117701295512142"
Void_d.Anchored = true
Void_d.PivotOffset = CFrame.new(-0.000064, -108.0615, 11.11451, 1, 0, 0, 0, 1, 0, 0, 0, 1)
Void_d.Locked = true
Void_d.Material = Enum.Material.Metal
Void_d.CFrame = CFrame.new(-0.0004559, 52.06159, 11.114471, -1, 0, 0, 0, 1, 0, 0, 0, -1)
Void_d.Size = vector.create(1.92643, 1.8829956, 32.66918)

-- workspace.PANGGUNG["TIANG PANGUNGGGGG"].TiangPanggung3
local Void_e = Instance.new("MeshPart")
Void_e.Parent = Void_5
Void_e.Name = "TiangPanggung3"
Void_e.MeshId = "rbxassetid://136533177825652"
Void_e.Anchored = true
Void_e.PivotOffset = CFrame.new(-43.79105, -108.0615, 11.114525, 1, 0, 0, 0, 1, 0, 0, 0, 1)
Void_e.Locked = true
Void_e.Material = Enum.Material.Metal
Void_e.CFrame = CFrame.new(-43.791435, 52.06159, 11.114487, -1, 0, 0, 0, 1, 0, 0, 0, -1)
Void_e.Size = vector.create(1.9264984, 1.8829956, 32.66915)

-- workspace.PANGGUNG["TIANG PANGUNGGGGG"].TiangPanggung5
local Void_f = Instance.new("MeshPart")
Void_f.Parent = Void_5
Void_f.Name = "TiangPanggung5"
Void_f.MeshId = "rbxassetid://96544248964457"
Void_f.Anchored = true
Void_f.PivotOffset = CFrame.new(31.9831, -108.0615, 11.11452, 1, 0, 0, 0, 1, 0, 0, 0, 1)
Void_f.Locked = true
Void_f.Material = Enum.Material.Metal
Void_f.CFrame = CFrame.new(31.98271, 52.06159, 11.114471, -1, 0, 0, 0, 1, 0, 0, 0, -1)
Void_f.Size = vector.create(1.926401, 1.8829956, 32.66916)

-- workspace.PANGGUNG["TIANG PANGUNGGGGG"].TiangPanggung7
local Void_g = Instance.new("MeshPart")
Void_g.Parent = Void_5
Void_g.Name = "TiangPanggung7"
Void_g.MeshId = "rbxassetid://110003054913150"
Void_g.Anchored = true
Void_g.PivotOffset = CFrame.new(17.9831, -108.0615, 11.114515, 1, 0, 0, 0, 1, 0, 0, 0, 1)
Void_g.Locked = true
Void_g.Material = Enum.Material.Metal
Void_g.CFrame = CFrame.new(17.98271, 52.06159, 11.114471, -1, 0, 0, 0, 1, 0, 0, 0, -1)
Void_g.Size = vector.create(1.926401, 1.8829956, 32.66917)

-- workspace.PANGGUNG["TIANG PANGUNGGGGG"].TiangPanggung4
local Void_h = Instance.new("MeshPart")
Void_h.Parent = Void_5
Void_h.Name = "TiangPanggung4"
Void_h.MeshId = "rbxassetid://103072163034821"
Void_h.Anchored = true
Void_h.PivotOffset = CFrame.new(43.79095, -108.0615, 11.11452, 1, 0, 0, 0, 1, 0, 0, 0, 1)
Void_h.Locked = true
Void_h.Material = Enum.Material.Metal
Void_h.CFrame = CFrame.new(43.79056, 52.06159, 11.114471, -1, 0, 0, 0, 1, 0, 0, 0, -1)
Void_h.Size = vector.create(1.9264984, 1.8829956, 32.66916)

-- workspace.PANGGUNG["TIANG PANGUNGGGGG"].TiangPanggung12
local Void_i = Instance.new("MeshPart")
Void_i.Parent = Void_5
Void_i.Name = "TiangPanggung12"
Void_i.MeshId = "rbxassetid://123712017416647"
Void_i.Anchored = true
Void_i.PivotOffset = CFrame.new(43.79095, -83.7487, 28.1326, 1, 0, 0, 0, 1, 0, 0, 0, 1)
Void_i.Locked = true
Void_i.Material = Enum.Material.Metal
Void_i.CFrame = CFrame.new(43.79056, 27.748787, 28.132553, -1, 0, 0, 0, 1, 0, 0, 0, -1)
Void_i.Size = vector.create(1.9263, 50.7746, 1.8565998)

-- workspace.PANGGUNG["TIANG PANGUNGGGGG"].TiangPanggung11
local Void_j = Instance.new("MeshPart")
Void_j.Parent = Void_5
Void_j.Name = "TiangPanggung11"
Void_j.MeshId = "rbxassetid://128678191681544"
Void_j.Anchored = true
Void_j.PivotOffset = CFrame.new(66.772, -83.7487, 28.1326, 1, 0, 0, 0, 1, 0, 0, 0, 1)
Void_j.Locked = true
Void_j.Material = Enum.Material.Metal
Void_j.CFrame = CFrame.new(66.77161, 27.748787, 28.132553, -1, 0, 0, 0, 1, 0, 0, 0, -1)
Void_j.Size = vector.create(1.9263992, 50.7746, 1.8565998)

-- workspace.PANGGUNG["TIANG PANGUNGGGGG"].TiangPanggung1
local Void_k = Instance.new("MeshPart")
Void_k.Parent = Void_5
Void_k.Name = "TiangPanggung1"
Void_k.MeshId = "rbxassetid://74624232737189"
Void_k.Anchored = true
Void_k.PivotOffset = CFrame.new(-43.791, -83.7487, -4.19553, 1, 0, 0, 0, 1, 0, 0, 0, 1)
Void_k.Locked = true
Void_k.Material = Enum.Material.Metal
Void_k.CFrame = CFrame.new(-43.79139, 27.748787, -4.195572, -1, 0, 0, 0, 1, 0, 0, 0, -1)
Void_k.Size = vector.create(1.9263992, 50.7746, 1.8565798)

-- workspace.PANGGUNG["TIANG PANGUNGGGGG"].TiangPanggung9
local Void_l = Instance.new("MeshPart")
Void_l.Parent = Void_5
Void_l.Name = "TiangPanggung9"
Void_l.MeshId = "rbxassetid://96041649874587"
Void_l.Anchored = true
Void_l.PivotOffset = CFrame.new(-0.008501, -108.076, -4.20991, 1, 0, 0, 0, 1, 0, 0, 0, 1)
Void_l.Locked = true
Void_l.Material = Enum.Material.Metal
Void_l.CFrame = CFrame.new(-0.0088916, 52.07609, -4.209946, -1, 0, 0, 0, 1, 0, 0, 0, -1)
Void_l.Size = vector.create(89.6126, 1.9260025, 1.8565397)

-- workspace.PANGGUNG["TIANG PANGUNGGGGG"].TiangPanggung10
local Void_m = Instance.new("MeshPart")
Void_m.Parent = Void_5
Void_m.Name = "TiangPanggung10"
Void_m.MeshId = "rbxassetid://103989780118436"
Void_m.Anchored = true
Void_m.PivotOffset = CFrame.new(43.791, -83.7487, -4.19553, 1, 0, 0, 0, 1, 0, 0, 0, 1)
Void_m.Locked = true
Void_m.Material = Enum.Material.Metal
Void_m.CFrame = CFrame.new(43.79061, 27.748787, -4.195572, -1, 0, 0, 0, 1, 0, 0, 0, -1)
Void_m.Size = vector.create(1.9263992, 50.7746, 1.8565798)

-- workspace.PANGGUNG.KABEL
local Void_n = Instance.new("Model")
Void_n.Parent = Void_0
Void_n.Name = "KABEL"
Void_n.WorldPivot = CFrame.new(0.2334156, 49.16168, 27.35701, 1, 0, 0, 0, 1, 0, 0, 0, 1)

-- workspace.PANGGUNG.KABEL.RopeShaftRoundSmoothBase
local Void_o = Instance.new("MeshPart")
Void_o.Parent = Void_n
Void_o.Name = "RopeShaftRoundSmoothBase"
Void_o.CanCollide = false
Void_o.Color = Color3.new(0.0666667, 0.0666667, 0.0666667)
Void_o.CFrame = CFrame.new(-34.81954, 44.562515, 28.47461, -0.132153, 0.9314615, 0.3389912, 0.0000305, -0.3419869, 0.9397048, 0.9912294, 0.124195, 0.0451661)
Void_o.Anchored = true
Void_o.RenderFidelity = Enum.RenderFidelity.Precise
Void_o.Locked = true
Void_o.Material = Enum.Material.Fabric
Void_o.MeshId = "rbxassetid://3573287966"
Void_o.Size = vector.create(0.1, 17.82444, 0.1)

-- workspace.PANGGUNG.KABEL.RopeCapRoundBase
local Void_p = Instance.new("MeshPart")
Void_p.Parent = Void_n
Void_p.Name = "RopeCapRoundBase"
Void_p.CanCollide = false
Void_p.Color = Color3.new(0.0666667, 0.0666667, 0.0666667)
Void_p.CFrame = CFrame.new(-26.54142, 41.52326, 29.578384, -0.132153, 0.9314615, 0.3389912, 0.0000305, -0.3419869, 0.9397048, 0.9912294, 0.124195, 0.0451661)
Void_p.MeshId = "rbxassetid://3583604671"
Void_p.Anchored = true
Void_p.CollisionFidelity = Enum.CollisionFidelity.Hull
Void_p.Locked = true
Void_p.Material = Enum.Material.Fabric
Void_p.RenderFidelity = Enum.RenderFidelity.Precise
Void_p.Size = vector.create(0.1, 0.05, 0.1)

-- workspace.PANGGUNG.KABEL.RopeCapRoundBase
local Void_q = Instance.new("MeshPart")
Void_q.Parent = Void_n
Void_q.Name = "RopeCapRoundBase"
Void_q.CanCollide = false
Void_q.Color = Color3.new(0.0666667, 0.0666667, 0.0666667)
Void_q.CFrame = CFrame.new(-43.09985, 49.02428, 27.3395, 0.1337646, -0.9171085, 0.375525, -0.0000028, 0.37893, 0.9254253, -0.9910132, -0.1237902, 0.0506849)
Void_q.MeshId = "rbxassetid://3583604671"
Void_q.Anchored = true
Void_q.CollisionFidelity = Enum.CollisionFidelity.Hull
Void_q.Locked = true
Void_q.Material = Enum.Material.Fabric
Void_q.RenderFidelity = Enum.RenderFidelity.Precise
Void_q.Size = vector.create(0.1, 0.05, 0.1)

-- workspace.PANGGUNG.KABEL.RopeCapRoundBase
local Void_r = Instance.new("MeshPart")
Void_r.Parent = Void_n
Void_r.Name = "RopeCapRoundBase"
Void_r.CanCollide = false
Void_r.Color = Color3.new(0.0666667, 0.0666667, 0.0666667)
Void_r.CFrame = CFrame.new(-43.06956, 50.894, 27.245987, 0.1394986, -0.894573, 0.424593, 0.0000264, 0.428789, 0.9034047, -0.9902223, -0.1260124, 0.059839)
Void_r.MeshId = "rbxassetid://3583604671"
Void_r.Anchored = true
Void_r.CollisionFidelity = Enum.CollisionFidelity.Hull
Void_r.Locked = true
Void_r.Material = Enum.Material.Fabric
Void_r.RenderFidelity = Enum.RenderFidelity.Precise
Void_r.Size = vector.create(0.1, 0.05, 0.1)

-- workspace.PANGGUNG.KABEL.RopeShaftRoundSmoothBase
local Void_s = Instance.new("MeshPart")
Void_s.Parent = Void_n
Void_s.Name = "RopeShaftRoundSmoothBase"
Void_s.CanCollide = false
Void_s.Color = Color3.new(0.0666667, 0.0666667, 0.0666667)
Void_s.CFrame = CFrame.new(-34.80542, 45.59705, 28.45881, -0.1337647, 0.9171085, 0.375525, 0.0000028, -0.37893, 0.9254253, 0.9910132, 0.1237902, 0.0506849)
Void_s.Anchored = true
Void_s.RenderFidelity = Enum.RenderFidelity.Precise
Void_s.Locked = true
Void_s.Material = Enum.Material.Fabric
Void_s.MeshId = "rbxassetid://3573287966"
Void_s.Size = vector.create(0.1, 18.138266, 0.1)

-- workspace.PANGGUNG.KABEL.RopeCapRoundBase
local Void_t = Instance.new("MeshPart")
Void_t.Parent = Void_n
Void_t.Name = "RopeCapRoundBase"
Void_t.CanCollide = false
Void_t.Color = Color3.new(0.0666667, 0.0666667, 0.0666667)
Void_t.CFrame = CFrame.new(-26.512926, 42.95928, 29.577614, -0.1394985, 0.894573, 0.424593, -0.0000264, -0.428789, 0.9034047, 0.9902223, 0.1260124, 0.059839)
Void_t.MeshId = "rbxassetid://3583604671"
Void_t.Anchored = true
Void_t.CollisionFidelity = Enum.CollisionFidelity.Hull
Void_t.Locked = true
Void_t.Material = Enum.Material.Fabric
Void_t.RenderFidelity = Enum.RenderFidelity.Precise
Void_t.Size = vector.create(0.1, 0.05, 0.1)

-- workspace.PANGGUNG.KABEL.RopeCapRoundBase
local Void_u = Instance.new("MeshPart")
Void_u.Parent = Void_n
Void_u.Name = "RopeCapRoundBase"
Void_u.CanCollide = false
Void_u.Color = Color3.new(0.0666667, 0.0666667, 0.0666667)
Void_u.CFrame = CFrame.new(-43.09766, 47.60177, 27.370834, 0.132153, -0.9314615, 0.3389912, -0.0000305, 0.3419868, 0.9397048, -0.9912294, -0.124195, 0.0451661)
Void_u.MeshId = "rbxassetid://3583604671"
Void_u.Anchored = true
Void_u.CollisionFidelity = Enum.CollisionFidelity.Hull
Void_u.Locked = true
Void_u.Material = Enum.Material.Fabric
Void_u.RenderFidelity = Enum.RenderFidelity.Precise
Void_u.Size = vector.create(0.1, 0.05, 0.1)

-- workspace.PANGGUNG.KABEL.RopeShaftRoundSmoothBase
local Void_v = Instance.new("MeshPart")
Void_v.Parent = Void_n
Void_v.Name = "RopeShaftRoundSmoothBase"
Void_v.CanCollide = false
Void_v.Color = Color3.new(0.0666667, 0.0666667, 0.0666667)
Void_v.CFrame = CFrame.new(-34.791245, 46.92664, 28.411797, -0.1394985, 0.894573, 0.424593, -0.0000264, -0.428789, 0.9034047, 0.9902223, 0.1260124, 0.059839)
Void_v.Anchored = true
Void_v.RenderFidelity = Enum.RenderFidelity.Precise
Void_v.Locked = true
Void_v.Material = Enum.Material.Fabric
Void_v.MeshId = "rbxassetid://3573287966"
Void_v.Size = vector.create(0.1, 18.55725, 0.1)

-- workspace.PANGGUNG.KABEL.RopeCapRoundBase
local Void_w = Instance.new("MeshPart")
Void_w.Parent = Void_n
Void_w.Name = "RopeCapRoundBase"
Void_w.CanCollide = false
Void_w.Color = Color3.new(0.0666667, 0.0666667, 0.0666667)
Void_w.CFrame = CFrame.new(-26.51099, 42.169815, 29.578125, -0.1337647, 0.9171085, 0.375525, 0.0000028, -0.37893, 0.9254253, 0.9910132, 0.1237902, 0.0506849)
Void_w.MeshId = "rbxassetid://3583604671"
Void_w.Anchored = true
Void_w.CollisionFidelity = Enum.CollisionFidelity.Hull
Void_w.Locked = true
Void_w.Material = Enum.Material.Fabric
Void_w.RenderFidelity = Enum.RenderFidelity.Precise
Void_w.Size = vector.create(0.1, 0.05, 0.1)

-- workspace.PANGGUNG.KABEL.RopeCapRoundBase
local Void_x = Instance.new("MeshPart")
Void_x.Parent = Void_n
Void_x.Name = "RopeCapRoundBase"
Void_x.CanCollide = false
Void_x.Color = Color3.new(0.0666667, 0.0666667, 0.0666667)
Void_x.CFrame = CFrame.new(26.914007, 41.68409, 29.578506, -0.1404223, -0.9492111, -0.2815669, 0.0000405, -0.2843902, 0.9587086, -0.9900917, 0.1346127, 0.0399731)
Void_x.MeshId = "rbxassetid://3583604671"
Void_x.Anchored = true
Void_x.CollisionFidelity = Enum.CollisionFidelity.Hull
Void_x.Locked = true
Void_x.Material = Enum.Material.Fabric
Void_x.RenderFidelity = Enum.RenderFidelity.Precise
Void_x.Size = vector.create(0.1, 0.05, 0.1)

-- workspace.PANGGUNG.KABEL.RopeCapRoundBase
local Void_y = Instance.new("MeshPart")
Void_y.Parent = Void_n
Void_y.Name = "RopeCapRoundBase"
Void_y.CanCollide = false
Void_y.Color = Color3.new(0.0666667, 0.0666667, 0.0666667)
Void_y.CFrame = CFrame.new(43.03471, 50.96642, 27.334015, 0.1381391, 0.8889008, -0.4367758, -0.0000244, 0.4410068, 0.8975039, 0.9904128, -0.1239698, 0.060942)
Void_y.MeshId = "rbxassetid://3583604671"
Void_y.Anchored = true
Void_y.CollisionFidelity = Enum.CollisionFidelity.Hull
Void_y.Locked = true
Void_y.Material = Enum.Material.Fabric
Void_y.RenderFidelity = Enum.RenderFidelity.Precise
Void_y.Size = vector.create(0.1, 0.05, 0.1)

-- workspace.PANGGUNG.KABEL.RopeShaftRoundSmoothBase
local Void_z = Instance.new("MeshPart")
Void_z.Parent = Void_n
Void_z.Name = "RopeShaftRoundSmoothBase"
Void_z.CanCollide = false
Void_z.Color = Color3.new(0.0666667, 0.0666667, 0.0666667)
Void_z.CFrame = CFrame.new(35.00118, 44.10685, 28.431526, -0.1404223, -0.9492111, -0.2815669, 0.0000405, -0.2843902, 0.9587086, -0.9900917, 0.1346127, 0.0399731)
Void_z.Anchored = true
Void_z.RenderFidelity = Enum.RenderFidelity.Precise
Void_z.Locked = true
Void_z.Material = Enum.Material.Fabric
Void_z.MeshId = "rbxassetid://3573287966"
Void_z.Size = vector.create(0.1, 17.08968, 0.1)

-- workspace.PANGGUNG.KABEL.RopeShaftRoundSmoothBase
local Void_10 = Instance.new("MeshPart")
Void_10.Parent = Void_n
Void_10.Name = "RopeShaftRoundSmoothBase"
Void_10.CanCollide = false
Void_10.Color = Color3.new(0.0666667, 0.0666667, 0.0666667)
Void_10.CFrame = CFrame.new(34.953545, 45.51179, 28.44021, -0.1384645, -0.925843, -0.3516285, -0.0000512, -0.3550417, 0.9348505, -0.9903675, 0.1294615, 0.0491132)
Void_10.Anchored = true
Void_10.RenderFidelity = Enum.RenderFidelity.Precise
Void_10.Locked = true
Void_10.Material = Enum.Material.Fabric
Void_10.MeshId = "rbxassetid://3573287966"
Void_10.Size = vector.create(0.1, 17.631605, 0.1)

-- workspace.PANGGUNG.KABEL.RopeCapRoundBase
local Void_11 = Instance.new("MeshPart")
Void_11.Parent = Void_n
Void_11.Name = "RopeCapRoundBase"
Void_11.CanCollide = false
Void_11.Color = Color3.new(0.0666667, 0.0666667, 0.0666667)
Void_11.CFrame = CFrame.new(43.08836, 46.52961, 27.284546, 0.1404222, 0.9492111, -0.2815669, -0.0000405, 0.28439, 0.9587086, 0.9900917, -0.1346127, 0.0399731)
Void_11.MeshId = "rbxassetid://3583604671"
Void_11.Anchored = true
Void_11.CollisionFidelity = Enum.CollisionFidelity.Hull
Void_11.Locked = true
Void_11.Material = Enum.Material.Fabric
Void_11.RenderFidelity = Enum.RenderFidelity.Precise
Void_11.Size = vector.create(0.1, 0.05, 0.1)

-- workspace.PANGGUNG.KABEL.RopeCapRoundBase
local Void_12 = Instance.new("MeshPart")
Void_12.Parent = Void_n
Void_12.Name = "RopeCapRoundBase"
Void_12.CanCollide = false
Void_12.Color = Color3.new(0.0666667, 0.0666667, 0.0666667)
Void_12.CFrame = CFrame.new(26.814653, 42.390625, 29.57817, -0.1384645, -0.925843, -0.3516285, -0.0000512, -0.3550417, 0.9348505, -0.9903675, 0.1294615, 0.0491132)
Void_12.MeshId = "rbxassetid://3583604671"
Void_12.Anchored = true
Void_12.CollisionFidelity = Enum.CollisionFidelity.Hull
Void_12.Locked = true
Void_12.Material = Enum.Material.Fabric
Void_12.RenderFidelity = Enum.RenderFidelity.Precise
Void_12.Size = vector.create(0.1, 0.05, 0.1)

-- workspace.PANGGUNG.KABEL.RopeCapRoundBase
local Void_13 = Instance.new("MeshPart")
Void_13.Parent = Void_n
Void_13.Name = "RopeCapRoundBase"
Void_13.CanCollide = false
Void_13.Color = Color3.new(0.0666667, 0.0666667, 0.0666667)
Void_13.CFrame = CFrame.new(43.09244, 48.63295, 27.302246, 0.1384643, 0.925843, -0.3516285, 0.0000512, 0.3550417, 0.9348505, 0.9903675, -0.1294615, 0.0491132)
Void_13.MeshId = "rbxassetid://3583604671"
Void_13.Anchored = true
Void_13.CollisionFidelity = Enum.CollisionFidelity.Hull
Void_13.Locked = true
Void_13.Material = Enum.Material.Fabric
Void_13.RenderFidelity = Enum.RenderFidelity.Precise
Void_13.Size = vector.create(0.1, 0.05, 0.1)

-- workspace.PANGGUNG.KABEL.RopeShaftRoundSmoothBase
local Void_14 = Instance.new("MeshPart")
Void_14.Parent = Void_n
Void_14.Name = "RopeShaftRoundSmoothBase"
Void_14.CanCollide = false
Void_14.Color = Color3.new(0.0666667, 0.0666667, 0.0666667)
Void_14.CFrame = CFrame.new(34.98849, 46.97498, 28.45587, -0.1381392, -0.8889008, -0.4367758, 0.0000244, -0.4410069, 0.8975039, -0.9904128, 0.1239698, 0.060942)
Void_14.Anchored = true
Void_14.RenderFidelity = Enum.RenderFidelity.Precise
Void_14.Locked = true
Void_14.Material = Enum.Material.Fabric
Void_14.MeshId = "rbxassetid://3573287966"
Void_14.Size = vector.create(0.1, 18.15326, 0.1)

-- workspace.PANGGUNG.KABEL.RopeCapRoundBase
local Void_15 = Instance.new("MeshPart")
Void_15.Parent = Void_n
Void_15.Name = "RopeCapRoundBase"
Void_15.CanCollide = false
Void_15.Color = Color3.new(0.0666667, 0.0666667, 0.0666667)
Void_15.CFrame = CFrame.new(26.942255, 42.98353, 29.57772, -0.1381392, -0.8889008, -0.4367758, 0.0000244, -0.4410069, 0.8975039, -0.9904128, 0.1239698, 0.060942)
Void_15.MeshId = "rbxassetid://3583604671"
Void_15.Anchored = true
Void_15.CollisionFidelity = Enum.CollisionFidelity.Hull
Void_15.Locked = true
Void_15.Material = Enum.Material.Fabric
Void_15.RenderFidelity = Enum.RenderFidelity.Precise
Void_15.Size = vector.create(0.1, 0.05, 0.1)

-- workspace.PANGGUNG["Desain Panggung"]
local Void_16 = Instance.new("Model")
Void_16.Parent = Void_0
Void_16.Name = "Desain Panggung"
Void_16.WorldPivot = CFrame.new(-0.9649792, 56.87642, 30.41767, -1, 0, 0, 0, 1, 0, 0, 0, -1)

-- workspace.PANGGUNG["Desain Panggung"]["PANJANG ATAS"]
local Void_17 = Instance.new("Part")
Void_17.Parent = Void_16
Void_17.Name = "PANJANG ATAS"
Void_17.BottomSurface = Enum.SurfaceType.Smooth
Void_17.Color = Color3.new(0.4588235, 0, 0)
Void_17.Anchored = true
Void_17.CFrame = CFrame.new(-0.0001926, 56.86166, 29.622833, 1, 0, 0, 0, 1, 0, 0, 0, 1)
Void_17.Locked = true
Void_17.Material = Enum.Material.Metal
Void_17.Size = vector.create(155.3759, 8.770216, 0.9744685)
Void_17.TopSurface = Enum.SurfaceType.Smooth

-- workspace.PANGGUNG["Desain Panggung"]["PANJANG BAWAH 1"]
local Void_18 = Instance.new("Part")
Void_18.Parent = Void_16
Void_18.Name = "PANJANG BAWAH 1"
Void_18.BottomSurface = Enum.SurfaceType.Smooth
Void_18.Color = Color3.new(0.4588235, 0, 0)
Void_18.Anchored = true
Void_18.CFrame = CFrame.new(-36.3914, 32.53816, 29.622833, 0, 1, -0, -1, 0, 0, 0, 0, 1)
Void_18.Locked = true
Void_18.Material = Enum.Material.Metal
Void_18.Size = vector.create(39.87679, 8.770216, 0.9744685)
Void_18.TopSurface = Enum.SurfaceType.Smooth

-- workspace.PANGGUNG["Desain Panggung"]["PANJANG BAWAH 1"]
local Void_19 = Instance.new("Part")
Void_19.Parent = Void_16
Void_19.Name = "PANJANG BAWAH 1"
Void_19.BottomSurface = Enum.SurfaceType.Smooth
Void_19.Color = Color3.new(0.4588235, 0, 0)
Void_19.Anchored = true
Void_19.CFrame = CFrame.new(36.39081, 32.53816, 29.622833, 0, 1, -0, -1, 0, 0, 0, 0, 1)
Void_19.Locked = true
Void_19.Material = Enum.Material.Metal
Void_19.Size = vector.create(39.87679, 8.770216, 0.9744685)
Void_19.TopSurface = Enum.SurfaceType.Smooth

-- workspace.PANGGUNG["LAMPU PANGGUNG"]
local Void_1a = Instance.new("Model")
Void_1a.Parent = Void_0
Void_1a.Name = "LAMPU PANGGUNG"
Void_1a.WorldPivot = CFrame.new(-0.0102596, 9.100952, 32.91107, 0.9335876, 0, 0.3583495, 0, 1, 0, -0.3583495, 0, 0.9335876)
Void_1a:AddTag("NoCollide")

-- workspace.PANGGUNG["LAMPU PANGGUNG"].Model
local Void_1b = Instance.new("Model")
Void_1b.Parent = Void_1a
Void_1b.WorldPivot = CFrame.new(25.018326, 9.100952, 38.96646, 0.9702873, 0, 0.2419558, 0, 1, 0, -0.2419558, 0, 0.9702873)

-- workspace.PANGGUNG["LAMPU PANGGUNG"].Model.Part
local Void_1c = Instance.new("Part")
Void_1c.Parent = Void_1b
Void_1c.BottomSurface = Enum.SurfaceType.Smooth
Void_1c.Color = Color3.new(0.972549, 0.972549, 0.972549)
Void_1c.Anchored = true
Void_1c.CFrame = CFrame.new(25.018326, 12.100952, 38.96646, 0.9702873, 0, 0.2419558, 0, 1, 0, -0.2419558, 0, 0.9702873)
Void_1c.Locked = true
Void_1c.Material = Enum.Material.Neon
Void_1c.Size = vector.create(12.655, 0.07603, 0.07603)
Void_1c.TopSurface = Enum.SurfaceType.Smooth

-- workspace.PANGGUNG["LAMPU PANGGUNG"].Model.Part
local Void_1d = Instance.new("Part")
Void_1d.Parent = Void_1b
Void_1d.BottomSurface = Enum.SurfaceType.Smooth
Void_1d.Color = Color3.new(0.972549, 0.972549, 0.972549)
Void_1d.Anchored = true
Void_1d.CFrame = CFrame.new(25.018326, 7.100952, 38.96646, 0.9702873, 0, 0.2419558, 0, 1, 0, -0.2419558, 0, 0.9702873)
Void_1d.Locked = true
Void_1d.Material = Enum.Material.Neon
Void_1d.Size = vector.create(12.655, 0.07603, 0.07603)
Void_1d.TopSurface = Enum.SurfaceType.Smooth

-- workspace.PANGGUNG["LAMPU PANGGUNG"].Model.Part
local Void_1e = Instance.new("Part")
Void_1e.Parent = Void_1b
Void_1e.BottomSurface = Enum.SurfaceType.Smooth
Void_1e.Color = Color3.new(0.972549, 0.972549, 0.972549)
Void_1e.Anchored = true
Void_1e.CFrame = CFrame.new(25.018326, 6.100952, 38.96646, 0.9702873, 0, 0.2419558, 0, 1, 0, -0.2419558, 0, 0.9702873)
Void_1e.Locked = true
Void_1e.Material = Enum.Material.Neon
Void_1e.Size = vector.create(12.655, 0.07603, 0.07603)
Void_1e.TopSurface = Enum.SurfaceType.Smooth

-- workspace.PANGGUNG["LAMPU PANGGUNG"].Model.Part
local Void_1f = Instance.new("Part")
Void_1f.Parent = Void_1b
Void_1f.BottomSurface = Enum.SurfaceType.Smooth
Void_1f.Color = Color3.new(0.972549, 0.972549, 0.972549)
Void_1f.Anchored = true
Void_1f.CFrame = CFrame.new(25.018326, 9.100952, 38.96646, 0.9702873, 0, 0.2419558, 0, 1, 0, -0.2419558, 0, 0.9702873)
Void_1f.Locked = true
Void_1f.Material = Enum.Material.Neon
Void_1f.Size = vector.create(12.655, 0.07603, 0.07603)
Void_1f.TopSurface = Enum.SurfaceType.Smooth

-- workspace.PANGGUNG["LAMPU PANGGUNG"].Model.Part
local Void_1g = Instance.new("Part")
Void_1g.Parent = Void_1b
Void_1g.BottomSurface = Enum.SurfaceType.Smooth
Void_1g.Color = Color3.new(0.972549, 0.972549, 0.972549)
Void_1g.Anchored = true
Void_1g.CFrame = CFrame.new(25.018326, 8.100952, 38.96646, 0.9702873, 0, 0.2419558, 0, 1, 0, -0.2419558, 0, 0.9702873)
Void_1g.Locked = true
Void_1g.Material = Enum.Material.Neon
Void_1g.Size = vector.create(12.655, 0.07603, 0.07603)
Void_1g.TopSurface = Enum.SurfaceType.Smooth

-- workspace.PANGGUNG["LAMPU PANGGUNG"].Model.Part
local Void_1h = Instance.new("Part")
Void_1h.Parent = Void_1b
Void_1h.BottomSurface = Enum.SurfaceType.Smooth
Void_1h.Color = Color3.new(0.972549, 0.972549, 0.972549)
Void_1h.Anchored = true
Void_1h.CFrame = CFrame.new(25.018326, 11.100952, 38.96646, 0.9702873, 0, 0.2419558, 0, 1, 0, -0.2419558, 0, 0.9702873)
Void_1h.Locked = true
Void_1h.Material = Enum.Material.Neon
Void_1h.Size = vector.create(12.655, 0.07603, 0.07603)
Void_1h.TopSurface = Enum.SurfaceType.Smooth

-- workspace.PANGGUNG["LAMPU PANGGUNG"].Model.Part
local Void_1i = Instance.new("Part")
Void_1i.Parent = Void_1b
Void_1i.BottomSurface = Enum.SurfaceType.Smooth
Void_1i.Color = Color3.new(0.972549, 0.972549, 0.972549)
Void_1i.Anchored = true
Void_1i.CFrame = CFrame.new(25.018326, 10.100952, 38.96646, 0.9702873, 0, 0.2419558, 0, 1, 0, -0.2419558, 0, 0.9702873)
Void_1i.Locked = true
Void_1i.Material = Enum.Material.Neon
Void_1i.Size = vector.create(12.655, 0.07603, 0.07603)
Void_1i.TopSurface = Enum.SurfaceType.Smooth

-- workspace.PANGGUNG["LAMPU PANGGUNG"].Model
local Void_1j = Instance.new("Model")
Void_1j.Parent = Void_1a
Void_1j.WorldPivot = CFrame.new(-12.603395, 9.100952, 41.26752, 0.9925507, -0, -0.1218318, 0, 1, -0, 0.1218318, 0, 0.9925507)

-- workspace.PANGGUNG["LAMPU PANGGUNG"].Model.Part
local Void_1k = Instance.new("Part")
Void_1k.Parent = Void_1j
Void_1k.BottomSurface = Enum.SurfaceType.Smooth
Void_1k.Color = Color3.new(0.972549, 0.972549, 0.972549)
Void_1k.Anchored = true
Void_1k.CFrame = CFrame.new(-12.603395, 10.100952, 41.26752, 0.9925507, -0, -0.1218318, 0, 1, -0, 0.1218318, 0, 0.9925507)
Void_1k.Locked = true
Void_1k.Material = Enum.Material.Neon
Void_1k.Size = vector.create(12.655, 0.07603, 0.07603)
Void_1k.TopSurface = Enum.SurfaceType.Smooth

-- workspace.PANGGUNG["LAMPU PANGGUNG"].Model.Part
local Void_1l = Instance.new("Part")
Void_1l.Parent = Void_1j
Void_1l.BottomSurface = Enum.SurfaceType.Smooth
Void_1l.Color = Color3.new(0.972549, 0.972549, 0.972549)
Void_1l.Anchored = true
Void_1l.CFrame = CFrame.new(-12.603395, 11.100952, 41.26752, 0.9925507, -0, -0.1218318, 0, 1, -0, 0.1218318, 0, 0.9925507)
Void_1l.Locked = true
Void_1l.Material = Enum.Material.Neon
Void_1l.Size = vector.create(12.655, 0.07603, 0.07603)
Void_1l.TopSurface = Enum.SurfaceType.Smooth

-- workspace.PANGGUNG["LAMPU PANGGUNG"].Model.Part
local Void_1m = Instance.new("Part")
Void_1m.Parent = Void_1j
Void_1m.BottomSurface = Enum.SurfaceType.Smooth
Void_1m.Color = Color3.new(0.972549, 0.972549, 0.972549)
Void_1m.Anchored = true
Void_1m.CFrame = CFrame.new(-12.603395, 8.100952, 41.26752, 0.9925507, -0, -0.1218318, 0, 1, -0, 0.1218318, 0, 0.9925507)
Void_1m.Locked = true
Void_1m.Material = Enum.Material.Neon
Void_1m.Size = vector.create(12.655, 0.07603, 0.07603)
Void_1m.TopSurface = Enum.SurfaceType.Smooth

-- workspace.PANGGUNG["LAMPU PANGGUNG"].Model.Part
local Void_1n = Instance.new("Part")
Void_1n.Parent = Void_1j
Void_1n.BottomSurface = Enum.SurfaceType.Smooth
Void_1n.Color = Color3.new(0.972549, 0.972549, 0.972549)
Void_1n.Anchored = true
Void_1n.CFrame = CFrame.new(-12.603395, 12.100952, 41.26752, 0.9925507, -0, -0.1218318, 0, 1, -0, 0.1218318, 0, 0.9925507)
Void_1n.Locked = true
Void_1n.Material = Enum.Material.Neon
Void_1n.Size = vector.create(12.655, 0.07603, 0.07603)
Void_1n.TopSurface = Enum.SurfaceType.Smooth

-- workspace.PANGGUNG["LAMPU PANGGUNG"].Model.Part
local Void_1o = Instance.new("Part")
Void_1o.Parent = Void_1j
Void_1o.BottomSurface = Enum.SurfaceType.Smooth
Void_1o.Color = Color3.new(0.972549, 0.972549, 0.972549)
Void_1o.Anchored = true
Void_1o.CFrame = CFrame.new(-12.603395, 9.100952, 41.26752, 0.9925507, -0, -0.1218318, 0, 1, -0, 0.1218318, 0, 0.9925507)
Void_1o.Locked = true
Void_1o.Material = Enum.Material.Neon
Void_1o.Size = vector.create(12.655, 0.07603, 0.07603)
Void_1o.TopSurface = Enum.SurfaceType.Smooth

-- workspace.PANGGUNG["LAMPU PANGGUNG"].Model.Part
local Void_1p = Instance.new("Part")
Void_1p.Parent = Void_1j
Void_1p.BottomSurface = Enum.SurfaceType.Smooth
Void_1p.Color = Color3.new(0.972549, 0.972549, 0.972549)
Void_1p.Anchored = true
Void_1p.CFrame = CFrame.new(-12.603395, 6.100952, 41.26752, 0.9925507, -0, -0.1218318, 0, 1, -0, 0.1218318, 0, 0.9925507)
Void_1p.Locked = true
Void_1p.Material = Enum.Material.Neon
Void_1p.Size = vector.create(12.655, 0.07603, 0.07603)
Void_1p.TopSurface = Enum.SurfaceType.Smooth

-- workspace.PANGGUNG["LAMPU PANGGUNG"].Model.Part
local Void_1q = Instance.new("Part")
Void_1q.Parent = Void_1j
Void_1q.BottomSurface = Enum.SurfaceType.Smooth
Void_1q.Color = Color3.new(0.972549, 0.972549, 0.972549)
Void_1q.Anchored = true
Void_1q.CFrame = CFrame.new(-12.603395, 7.100952, 41.26752, 0.9925507, -0, -0.1218318, 0, 1, -0, 0.1218318, 0, 0.9925507)
Void_1q.Locked = true
Void_1q.Material = Enum.Material.Neon
Void_1q.Size = vector.create(12.655, 0.07603, 0.07603)
Void_1q.TopSurface = Enum.SurfaceType.Smooth

-- workspace.PANGGUNG["LAMPU PANGGUNG"].Model
local Void_1r = Instance.new("Model")
Void_1r.Parent = Void_1a
Void_1r.WorldPivot = CFrame.new(-0.0001926, 9.100952, 42.03836, 1, 0, 0, 0, 1, 0, 0, 0, 1)

-- workspace.PANGGUNG["LAMPU PANGGUNG"].Model.Part
local Void_1s = Instance.new("Part")
Void_1s.Parent = Void_1r
Void_1s.BottomSurface = Enum.SurfaceType.Smooth
Void_1s.Color = Color3.new(0.972549, 0.972549, 0.972549)
Void_1s.Anchored = true
Void_1s.CFrame = CFrame.new(-0.0001926, 11.100952, 42.03836, 1, 0, 0, 0, 1, 0, 0, 0, 1)
Void_1s.Locked = true
Void_1s.Material = Enum.Material.Neon
Void_1s.Size = vector.create(12.655, 0.07603, 0.07603)
Void_1s.TopSurface = Enum.SurfaceType.Smooth

-- workspace.PANGGUNG["LAMPU PANGGUNG"].Model.Part
local Void_1t = Instance.new("Part")
Void_1t.Parent = Void_1r
Void_1t.BottomSurface = Enum.SurfaceType.Smooth
Void_1t.Color = Color3.new(0.972549, 0.972549, 0.972549)
Void_1t.Anchored = true
Void_1t.CFrame = CFrame.new(-0.0001926, 7.100952, 42.03836, 1, 0, 0, 0, 1, 0, 0, 0, 1)
Void_1t.Locked = true
Void_1t.Material = Enum.Material.Neon
Void_1t.Size = vector.create(12.655, 0.07603, 0.07603)
Void_1t.TopSurface = Enum.SurfaceType.Smooth

-- workspace.PANGGUNG["LAMPU PANGGUNG"].Model.Part
local Void_1u = Instance.new("Part")
Void_1u.Parent = Void_1r
Void_1u.BottomSurface = Enum.SurfaceType.Smooth
Void_1u.Color = Color3.new(0.972549, 0.972549, 0.972549)
Void_1u.Anchored = true
Void_1u.CFrame = CFrame.new(-0.0001926, 6.100952, 42.03836, 1, 0, 0, 0, 1, 0, 0, 0, 1)
Void_1u.Locked = true
Void_1u.Material = Enum.Material.Neon
Void_1u.Size = vector.create(12.655, 0.07603, 0.07603)
Void_1u.TopSurface = Enum.SurfaceType.Smooth

-- workspace.PANGGUNG["LAMPU PANGGUNG"].Model.Part
local Void_1v = Instance.new("Part")
Void_1v.Parent = Void_1r
Void_1v.BottomSurface = Enum.SurfaceType.Smooth
Void_1v.Color = Color3.new(0.972549, 0.972549, 0.972549)
Void_1v.Anchored = true
Void_1v.CFrame = CFrame.new(-0.0001926, 12.100952, 42.03836, 1, 0, 0, 0, 1, 0, 0, 0, 1)
Void_1v.Locked = true
Void_1v.Material = Enum.Material.Neon
Void_1v.Size = vector.create(12.655, 0.07603, 0.07603)
Void_1v.TopSurface = Enum.SurfaceType.Smooth

-- workspace.PANGGUNG["LAMPU PANGGUNG"].Model.Part
local Void_1w = Instance.new("Part")
Void_1w.Parent = Void_1r
Void_1w.BottomSurface = Enum.SurfaceType.Smooth
Void_1w.Color = Color3.new(0.972549, 0.972549, 0.972549)
Void_1w.Anchored = true
Void_1w.CFrame = CFrame.new(-0.0001926, 8.100952, 42.03836, 1, 0, 0, 0, 1, 0, 0, 0, 1)
Void_1w.Locked = true
Void_1w.Material = Enum.Material.Neon
Void_1w.Size = vector.create(12.655, 0.07603, 0.07603)
Void_1w.TopSurface = Enum.SurfaceType.Smooth

-- workspace.PANGGUNG["LAMPU PANGGUNG"].Model.Part
local Void_1x = Instance.new("Part")
Void_1x.Parent = Void_1r
Void_1x.BottomSurface = Enum.SurfaceType.Smooth
Void_1x.Color = Color3.new(0.972549, 0.972549, 0.972549)
Void_1x.Anchored = true
Void_1x.CFrame = CFrame.new(-0.0001926, 10.100952, 42.03836, 1, 0, 0, 0, 1, 0, 0, 0, 1)
Void_1x.Locked = true
Void_1x.Material = Enum.Material.Neon
Void_1x.Size = vector.create(12.655, 0.07603, 0.07603)
Void_1x.TopSurface = Enum.SurfaceType.Smooth

-- workspace.PANGGUNG["LAMPU PANGGUNG"].Model.Part
local Void_1y = Instance.new("Part")
Void_1y.Parent = Void_1r
Void_1y.BottomSurface = Enum.SurfaceType.Smooth
Void_1y.Color = Color3.new(0.972549, 0.972549, 0.972549)
Void_1y.Anchored = true
Void_1y.CFrame = CFrame.new(-0.0001926, 9.100952, 42.03836, 1, 0, 0, 0, 1, 0, 0, 0, 1)
Void_1y.Locked = true
Void_1y.Material = Enum.Material.Neon
Void_1y.Size = vector.create(12.655, 0.07603, 0.07603)
Void_1y.TopSurface = Enum.SurfaceType.Smooth

-- workspace.PANGGUNG["LAMPU PANGGUNG"].Model
local Void_1z = Instance.new("Model")
Void_1z.Parent = Void_1a
Void_1z.WorldPivot = CFrame.new(-25.01871, 9.100952, 38.96646, 0.9702873, -0, -0.2419558, 0, 1, -0, 0.2419558, 0, 0.9702873)

-- workspace.PANGGUNG["LAMPU PANGGUNG"].Model.Part
local Void_20 = Instance.new("Part")
Void_20.Parent = Void_1z
Void_20.BottomSurface = Enum.SurfaceType.Smooth
Void_20.Color = Color3.new(0.972549, 0.972549, 0.972549)
Void_20.Anchored = true
Void_20.CFrame = CFrame.new(-25.01871, 11.100952, 38.96646, 0.9702873, -0, -0.2419558, 0, 1, -0, 0.2419558, 0, 0.9702873)
Void_20.Locked = true
Void_20.Material = Enum.Material.Neon
Void_20.Size = vector.create(12.655, 0.07603, 0.07603)
Void_20.TopSurface = Enum.SurfaceType.Smooth

-- workspace.PANGGUNG["LAMPU PANGGUNG"].Model.Part
local Void_21 = Instance.new("Part")
Void_21.Parent = Void_1z
Void_21.BottomSurface = Enum.SurfaceType.Smooth
Void_21.Color = Color3.new(0.972549, 0.972549, 0.972549)
Void_21.Anchored = true
Void_21.CFrame = CFrame.new(-25.01871, 7.100952, 38.96646, 0.9702873, -0, -0.2419558, 0, 1, -0, 0.2419558, 0, 0.9702873)
Void_21.Locked = true
Void_21.Material = Enum.Material.Neon
Void_21.Size = vector.create(12.655, 0.07603, 0.07603)
Void_21.TopSurface = Enum.SurfaceType.Smooth

-- workspace.PANGGUNG["LAMPU PANGGUNG"].Model.Part
local Void_22 = Instance.new("Part")
Void_22.Parent = Void_1z
Void_22.BottomSurface = Enum.SurfaceType.Smooth
Void_22.Color = Color3.new(0.972549, 0.972549, 0.972549)
Void_22.Anchored = true
Void_22.CFrame = CFrame.new(-25.01871, 8.100952, 38.96646, 0.9702873, -0, -0.2419558, 0, 1, -0, 0.2419558, 0, 0.9702873)
Void_22.Locked = true
Void_22.Material = Enum.Material.Neon
Void_22.Size = vector.create(12.655, 0.07603, 0.07603)
Void_22.TopSurface = Enum.SurfaceType.Smooth

-- workspace.PANGGUNG["LAMPU PANGGUNG"].Model.Part
local Void_23 = Instance.new("Part")
Void_23.Parent = Void_1z
Void_23.BottomSurface = Enum.SurfaceType.Smooth
Void_23.Color = Color3.new(0.972549, 0.972549, 0.972549)
Void_23.Anchored = true
Void_23.CFrame = CFrame.new(-25.01871, 9.100952, 38.96646, 0.9702873, -0, -0.2419558, 0, 1, -0, 0.2419558, 0, 0.9702873)
Void_23.Locked = true
Void_23.Material = Enum.Material.Neon
Void_23.Size = vector.create(12.655, 0.07603, 0.07603)
Void_23.TopSurface = Enum.SurfaceType.Smooth

-- workspace.PANGGUNG["LAMPU PANGGUNG"].Model.Part
local Void_24 = Instance.new("Part")
Void_24.Parent = Void_1z
